x   lamda=1    0.5    0.9     0.6     0.8     0.7
0   0.138      0.138    0.1295  0.122   0.1215  0.119  
0.1 0.138      0.136    0.130   0.1215  0.1215  0.119
0.2 0.1385     0.1325   0.1307  0.1205  0.122   0.119
0.3 0.14       0.127    0.1315  0.119   0.1228  0.1185
0.4 0.144      0.12     0.1325  0.1165  0.1240  0.1185
0.5 0.149      0.112    0.136   0.115   0.1255  0.119
0.6 0.154      0.108    0.141   0.1140  0.13    0.1198
0.7 0.164      0.104    0.15    0.1155  0.138   0.124
0.8 0.182      0.104    0.164   0.119   0.149   0.132
0.9 0.218      0.116    0.196   0.1355  0.176   0.155