  Run_nr	   Alpha	    Beta	      CL	      CD	    Cyaw	 Cm_p_qc	      Ct	      Cn	   Cside	 Cm_roll	Cm_pitch	  Cm_yaw	       V	      Re	       M
       /	 degrees	 degrees	       /	       /	       /	       /	       /	       /	       /	       /	       /	       /	     m/s	       /	       /
      11	   4.996	  -0.005	  0.5717	0.088744	 0.00316	 0.45958	0.038622	  0.5772	0.003154	-0.00245	 0.31056	-0.00057	   20.11	1.743E+5	   0.059	        	        	        	        	        	        	        	        	        	        	        	        	        	        	        	        	        
      12	  14.000	  -0.005	  1.1084	0.161653	 0.01012	 0.15634	-0.111309	  1.1146	0.010104	 0.00058	-0.12392	-0.00011	   20.05	1.738E+5	   0.059	        	        	        	        	        	        	        	        	        	        	        	        	        	        	        	        	        
      13	  14.000	  -0.005	  1.1021	0.176886	 0.00176	 0.24270	-0.094992	  1.1121	0.001742	-0.00298	-0.03787	-0.00178	   40.15	3.476E+5	   0.118	        	        	        	        	        	        	        	        	        	        	        	        	        	        	        	        	        
      14	  12.004	  -0.005	  0.9843	0.152164	-0.00108	 0.29647	-0.055886	  0.9945	-0.001089	-0.00288	 0.04477	-0.00162	   40.26	3.481E+5	   0.118	        	        	        	        	        	        	        	        	        	        	        	        	        	        	        	        	        
      15	  12.004	  -0.005	  1.0035	0.151639	 0.00005	 0.29453	-0.060393	  1.0131	0.000037	-0.00275	 0.03821	-0.00125	   30.28	2.619E+5	   0.089	        	        	        	        	        	        	        	        	        	        	        	        	        	        	        	        	        
      16	   0.000	  -0.005	  0.0617	0.082323	 0.00094	 0.49146	0.082323	  0.0617	0.000928	-0.00161	 0.47096	 0.00168	   30.14	2.607E+5	   0.088	        	        	        	        	        	        	        	        	        	        	        	        	        	        	        	        	        
      17	   0.000	  -0.005	  0.0573	0.091093	-0.01408	 0.50002	0.091092	  0.0573	-0.014084	-0.00454	 0.48060	 0.00501	   10.09	8.734E+4	   0.030	        	        	        	        	        	        	        	        	        	        	        	        	        	        	        	        	        
      18	   4.996	  -0.005	  0.6000	0.073246	-0.00442	 0.50047	0.020711	  0.6041	-0.004431	-0.00274	 0.34432	 0.00080	   10.03	8.687E+4	   0.029	        	        	        	        	        	        	        	        	        	        	        	        	        	        	        	        	        
