  Run_nr	   Alpha	    Beta	      CL	      CD	    Cyaw	 Cm_p_qc	      Ct	      Cn	   Cside	 Cm_roll	Cm_pitch	  Cm_yaw	       V	      Re	       M
       /	 degrees	 degrees	       /	       /	       /	       /	       /	       /	       /	       /	       /	       /	     m/s	       /	       /
       1	   7.000	  -0.005	  0.9063	0.108961	-0.01373	 0.03082	-0.002288	  0.9128	-0.013738	-0.00298	-0.19769	 0.00291	   10.01	8.667E+4	   0.029	        	        	        	        	        	        	        	        	        	        	        	        	        	        	        	        	        
       2	   7.000	  -0.005	  0.8672	0.103702	 0.00468	 0.01618	-0.002746	  0.8734	0.004669	-0.00272	-0.20232	-0.00123	   20.07	1.739E+5	   0.059	        	        	        	        	        	        	        	        	        	        	        	        	        	        	        	        	        
       3	   2.507	  -0.005	  0.4668	0.051074	 0.00199	 0.02557	0.030608	  0.4686	0.001988	-0.00304	-0.09184	-0.00031	   20.20	1.751E+5	   0.059	        	        	        	        	        	        	        	        	        	        	        	        	        	        	        	        	        
       4	  -5.003	  -0.005	 -0.3270	0.044347	 0.00461	 0.07140	0.015663	 -0.3296	0.004603	-0.00073	 0.15307	 0.00092	   30.19	2.615E+5	   0.088	        	        	        	        	        	        	        	        	        	        	        	        	        	        	        	        	        
       5	  -5.003	  -0.005	 -0.3128	0.075478	-0.00048	 0.07408	0.047912	 -0.3182	-0.000486	-0.00053	 0.15286	 0.00255	   30.17	2.611E+5	   0.088	        	        	        	        	        	        	        	        	        	        	        	        	        	        	        	        	        
       6	  -5.003	  -0.005	 -0.3165	0.074066	 0.00087	 0.07703	0.046180	 -0.3218	0.000861	 0.00000	 0.15667	 0.00239	   40.16	3.472E+5	   0.118	        	        	        	        	        	        	        	        	        	        	        	        	        	        	        	        	        
       7	   9.996	  -0.005	  1.0477	0.130522	 0.00135	-0.06168	-0.053313	  1.0544	0.001334	-0.00286	-0.32465	-0.00211	   40.19	3.472E+5	   0.118	        	        	        	        	        	        	        	        	        	        	        	        	        	        	        	        	        
       8	   8.004	  -0.005	  0.9906	-0.005349	-0.00409	-0.10908	-0.143233	  0.9802	-0.004086	-0.00736	-0.35301	-0.00095	   40.24	3.475E+5	   0.118	        	        	        	        	        	        	        	        	        	        	        	        	        	        	        	        	        
       9	   8.004	  -0.005	  0.9500	0.107532	 0.00034	-0.01086	-0.025793	  0.9557	0.000332	-0.00275	-0.24967	-0.00135	   40.00	3.454E+5	   0.117	        	        	        	        	        	        	        	        	        	        	        	        	        	        	        	        	        
      10	   8.004	  -0.005	     NaN	     NaN	     NaN	-0.25839	     NaN	     NaN	     NaN	     NaN	     NaN	     NaN	     NaN	NaN	     NaN	        	        	        	        	        	        	        	        	        	        	        	        	        	        	        	        	        
