  Run_nr	   Alpha	    Beta	      CL	      CD	    Cyaw	 Cm_p_qc	      Ct	      Cn	   Cside	 Cm_roll	Cm_pitch	  Cm_yaw	       V	      Re	       M
       /	 degrees	 degrees	       /	       /	       /	       /	       /	       /	       /	       /	       /	       /	     m/s	       /	       /
      11	   0.000	  -0.005	     NaN	     NaN	     NaN	-0.06710	     NaN	     NaN	     NaN	     NaN	     NaN	     NaN	     NaN	NaN	     NaN	        	        	        	        	        	        	        	        	        	        	        	        	        	        	        	        	        
      12	   6.996	  -0.005	  0.9440	0.110081	 0.00212	-0.20238	-0.005715	  0.9504	0.002115	-0.00285	-0.43788	-0.00151	   30.17	2.611E+5	   0.088	        	        	        	        	        	        	        	        	        	        	        	        	        	        	        	        	        
      13	  14.000	  -0.005	  1.3573	0.180018	 0.00133	-0.48704	-0.153681	  1.3605	0.001313	-0.00469	-0.82214	-0.00199	   30.19	2.613E+5	   0.088	        	        	        	        	        	        	        	        	        	        	        	        	        	        	        	        	        
      14	  -4.996	  -0.005	 -0.2314	0.072771	 0.00103	-0.15932	0.052343	 -0.2368	0.001026	-0.00009	-0.09846	 0.00213	   30.15	2.609E+5	   0.088	        	        	        	        	        	        	        	        	        	        	        	        	        	        	        	        	        
      15	  13.996	  -0.005	  1.3285	0.205588	 0.00466	-0.42183	-0.121829	  1.3388	0.004642	-0.00300	-0.75219	-0.00233	   30.20	2.613E+5	   0.088	        	        	        	        	        	        	        	        	        	        	        	        	        	        	        	        	        
      16	  13.996	  -0.005	  1.3237	0.203309	 0.00355	-0.42364	-0.122859	  1.3335	0.003528	-0.00359	-0.75261	-0.00236	   40.26	3.479E+5	   0.118	        	        	        	        	        	        	        	        	        	        	        	        	        	        	        	        	        
      17	   2.507	  -0.005	  0.5514	0.047422	 0.00698	-0.20090	0.023263	  0.5529	0.006980	-0.00226	-0.33703	-0.00034	   40.17	3.470E+5	   0.118	        	        	        	        	        	        	        	        	        	        	        	        	        	        	        	        	        
      18	   6.993	  -0.005	  0.9465	0.107908	 0.00067	-0.20531	-0.008136	  0.9526	0.000662	-0.00272	-0.44132	-0.00127	   40.20	3.471E+5	   0.118	        	        	        	        	        	        	        	        	        	        	        	        	        	        	        	        	        
      19	  -4.996	  -0.005	 -0.3714	0.077976	-0.01623	-0.05633	0.045336	 -0.3768	-0.016237	-0.00234	 0.03843	 0.00719	   10.08	8.716E+4	   0.030	        	        	        	        	        	        	        	        	        	        	        	        	        	        	        	        	        
      20	  -0.004	  -0.005	  0.2845	0.083206	-0.01863	-0.15379	0.083224	  0.2845	-0.018639	-0.00437	-0.22333	 0.00728	   10.04	8.687E+4	   0.029	        	        	        	        	        	        	        	        	        	        	        	        	        	        	        	        	        
      21	  -0.004	  -0.005	  0.2897	0.071809	 0.00933	-0.18745	0.071830	  0.2897	0.009325	-0.00104	-0.25796	-0.00042	   20.13	1.742E+5	   0.059	        	        	        	        	        	        	        	        	        	        	        	        	        	        	        	        	        
      22	   7.000	  -0.005	  0.9658	0.078131	 0.00531	-0.24516	-0.040150	  0.9681	0.005302	-0.00486	-0.48467	-0.00144	   20.12	1.743E+5	   0.059	        	        	        	        	        	        	        	        	        	        	        	        	        	        	        	        	        
      23	   8.000	  -0.005	  1.0709	0.006077	-0.00475	-0.35850	-0.143027	  1.0613	-0.004754	-0.00722	-0.62010	-0.00087	   40.18	3.474E+5	   0.118	        	        	        	        	        	        	        	        	        	        	        	        	        	        	        	        	        
      24	   8.000	  -0.005	  1.0182	0.116897	 0.00148	-0.22156	-0.025943	  1.0245	0.001466	-0.00279	-0.47538	-0.00169	   40.23	3.475E+5	   0.118	        	        	        	        	        	        	        	        	        	        	        	        	        	        	        	        	        
      25	   8.000	  -0.005	     NaN	     NaN	     NaN	-0.56258	     NaN	     NaN	     NaN	     NaN	     NaN	     NaN	     NaN	NaN	     NaN	        	        	        	        	        	        	        	        	        	        	        	        	        	        	        	        	        
