  Run_nr	   Alpha	    Beta	      CL	      CD	    Cyaw	 Cm_p_qc	      Ct	      Cn	   Cside	 Cm_roll	Cm_pitch	  Cm_yaw	       V	      Re	       M
       /	 degrees	 degrees	       /	       /	       /	       /	       /	       /	       /	       /	       /	       /	     m/s	       /	       /
       1	   0.004	  -0.005	  0.1214	0.066818	-0.02004	 0.30110	0.066807	  0.1214	-0.020048	-0.00193	 0.26767	 0.00533	   10.08	8.740E+4	   0.030	        	        	        	        	        	        	        	        	        	        	        	        	        	        	        	        	        
       2	   0.004	  -0.005	  0.1192	0.064509	-0.01212	 0.29890	0.064499	  0.1192	-0.012129	-0.00194	 0.26605	 0.00296	   10.07	8.735E+4	   0.030	        	        	        	        	        	        	        	        	        	        	        	        	        	        	        	        	        
       3	  13.996	  -0.005	  1.1321	0.204475	 0.01045	 0.02186	-0.075410	  1.1480	0.010430	 0.00353	-0.26536	 0.00021	   20.08	1.741E+5	   0.059	        	        	        	        	        	        	        	        	        	        	        	        	        	        	        	        	        
       4	  13.996	  -0.005	  1.1652	0.168381	 0.00782	-0.01952	-0.118439	  1.1714	0.007810	 0.00088	-0.31216	 0.00065	   20.12	1.745E+5	   0.059	        	        	        	        	        	        	        	        	        	        	        	        	        	        	        	        	        
       5	  13.996	  -0.005	  1.1315	0.204658	 0.01047	 0.02138	-0.075077	  1.1474	0.010455	 0.00361	-0.26569	 0.00022	   20.09	1.742E+5	   0.059	        	        	        	        	        	        	        	        	        	        	        	        	        	        	        	        	        
       6	  13.996	  -0.005	  1.1585	0.194304	 0.00696	 0.06631	-0.091649	  1.1711	0.006944	-0.00183	-0.22715	-0.00215	   30.25	2.623E+5	   0.089	        	        	        	        	        	        	        	        	        	        	        	        	        	        	        	        	        
       7	  13.996	  -0.005	  1.1607	0.193459	 0.00678	 0.06727	-0.093007	  1.1730	0.006765	-0.00192	-0.22668	-0.00216	   30.25	2.622E+5	   0.089	        	        	        	        	        	        	        	        	        	        	        	        	        	        	        	        	        
       8	  10.004	  -0.005	  0.9780	0.123399	 0.00341	 0.15687	-0.048373	  0.9846	0.003403	-0.00299	-0.09089	-0.00153	   30.20	2.617E+5	   0.088	        	        	        	        	        	        	        	        	        	        	        	        	        	        	        	        	        
       9	  10.004	  -0.005	  0.9996	0.082216	 0.00290	 0.13624	-0.092680	  0.9987	0.002893	-0.00424	-0.11485	-0.00263	   40.13	3.473E+5	   0.118	        	        	        	        	        	        	        	        	        	        	        	        	        	        	        	        	        
      10	  -5.000	  -0.005	 -0.4129	0.074233	 0.00348	 0.34114	0.037967	 -0.4178	0.003475	 0.00010	 0.44203	 0.00158	   40.21	3.476E+5	   0.118	        	        	        	        	        	        	        	        	        	        	        	        	        	        	        	        	        
      11	  -5.000	  -0.005	 -0.4050	0.082682	-0.00017	 0.33637	0.047074	 -0.4106	-0.000172	-0.00050	 0.43553	 0.00275	   40.19	3.472E+5	   0.118	        	        	        	        	        	        	        	        	        	        	        	        	        	        	        	        	        
      12	   6.996	  -0.005	  0.8010	0.089240	-0.00274	 0.23983	-0.008985	  0.8059	-0.002753	-0.00288	 0.03586	-0.00041	   40.21	3.472E+5	   0.118	        	        	        	        	        	        	        	        	        	        	        	        	        	        	        	        	        
      13	   6.996	  -0.005	  0.7964	0.094889	-0.00169	 0.24690	-0.002815	  0.8020	-0.001696	-0.00254	 0.04383	-0.00067	   40.17	3.469E+5	   0.118	        	        	        	        	        	        	        	        	        	        	        	        	        	        	        	        	        
      14	   8.000	  -0.005	  0.9027	-0.011584	-0.00180	 0.15770	-0.137101	  0.8923	-0.001794	-0.00687	-0.06700	-0.00166	   40.26	3.476E+5	   0.118	        	        	        	        	        	        	        	        	        	        	        	        	        	        	        	        	        
      15	   8.000	  -0.005	  0.8724	0.101929	-0.00123	 0.22256	-0.020479	  0.8781	-0.001243	-0.00256	 0.00072	-0.00090	   40.23	3.472E+5	   0.118	        	        	        	        	        	        	        	        	        	        	        	        	        	        	        	        	        
      16	   0.004	  -0.005	     NaN	     NaN	     NaN	-0.22208	     NaN	     NaN	     NaN	     NaN	     NaN	     NaN	     NaN	NaN	     NaN	        	        	        	        	        	        	        	        	        	        	        	        	        	        	        	        	        
