  Run_nr	   Alpha	    Beta	      CL	      CD	    Cyaw	 Cm_p_qc	      Ct	      Cn	   Cside	 Cm_roll	Cm_pitch	  Cm_yaw	       V	      Re	       M
       /	 degrees	 degrees	       /	       /	       /	       /	       /	       /	       /	       /	       /	       /	     m/s	       /	       /
       1	  -2.497	  -0.005	  0.0797	0.071803	 0.00495	-0.30089	0.075207	  0.0765	0.004948	-0.00020	-0.31688	 0.00094	   40.23	3.479E+5	   0.118	        	        	        	        	        	        	        	        	        	        	        	        	        	        	        	        	        
       2	  -2.497	  -0.005	  0.0812	0.073859	 0.00361	-0.30486	0.077325	  0.0779	0.003608	-0.00042	-0.32115	 0.00130	   40.18	3.470E+5	   0.118	        	        	        	        	        	        	        	        	        	        	        	        	        	        	        	        	        
       3	   2.493	  -0.005	  0.5979	0.071406	 0.00366	-0.34917	0.045329	  0.6004	0.003659	-0.00249	-0.49568	 0.00002	   30.11	2.602E+5	   0.088	        	        	        	        	        	        	        	        	        	        	        	        	        	        	        	        	        
       4	  12.000	  -0.005	  1.2690	0.195831	 0.00351	-0.53561	-0.072291	  1.2820	0.003493	-0.00267	-0.85058	-0.00219	   30.08	2.602E+5	   0.088	        	        	        	        	        	        	        	        	        	        	        	        	        	        	        	        	        
       5	  12.000	  -0.005	  1.2854	0.201291	 0.00817	-0.52714	-0.070365	  1.2992	0.008153	-0.00082	-0.84654	-0.00236	   20.14	1.743E+5	   0.059	        	        	        	        	        	        	        	        	        	        	        	        	        	        	        	        	        
       6	  14.000	  -0.005	  1.3297	0.251208	 0.01150	-0.61320	-0.077929	  1.3509	0.011483	 0.00241	-0.94465	 0.00017	   20.14	1.744E+5	   0.059	        	        	        	        	        	        	        	        	        	        	        	        	        	        	        	        	        
       7	  14.000	  -0.005	  1.3508	0.267113	-0.02921	-0.76461	-0.067610	  1.3753	-0.029238	-0.00580	-1.10062	 0.00752	   10.08	8.733E+4	   0.030	        	        	        	        	        	        	        	        	        	        	        	        	        	        	        	        	        
       8	  14.000	  -0.005	  1.3349	0.275303	-0.02266	-0.73520	-0.055820	  1.3618	-0.022682	-0.00504	-1.06816	 0.00518	   10.07	8.726E+4	   0.029	        	        	        	        	        	        	        	        	        	        	        	        	        	        	        	        	        
       9	   8.004	  -0.005	  1.1411	0.024317	-0.00601	-0.57689	-0.134814	  1.1334	-0.006016	-0.00760	-0.85424	-0.00055	   40.13	3.475E+5	   0.118	        	        	        	        	        	        	        	        	        	        	        	        	        	        	        	        	        
      10	   8.004	  -0.005	  1.0723	0.130672	 0.00209	-0.38498	-0.019909	  1.0801	0.002080	-0.00305	-0.65098	-0.00188	   40.26	3.479E+5	   0.118	        	        	        	        	        	        	        	        	        	        	        	        	        	        	        	        	        
