  Run_nr	    Time	   Alpha	    Beta	Delta_Pb	   P_bar	       T	      B1	      B2	      B3	      B4	      B5	      B6	     rpm	     Rho	       Q	       V	      Re	 nrotor1	 nrotor2	      I1	      I2	    dptq	  Extra1	  Extra2	  Extra3	  Extra4	  Extra5	  Extra6	  Extra7	  Extra8	  Extra9	 Extra10
       /	   H:M:S	 degrees	 degrees	      Pa	     hPa	 degr._C	   steps	   steps	   steps	   steps	   steps	   steps	   1/min	  kg/m^3	      Pa	     m/s	       /	     1/s	     1/s	       A	       A	      Pa	       /	       /	       /	       /	       /	       /	       /	       /	       /	       /
       1	 13:17:00	   0.004	  -0.005	   26.08	 1011.45	   16.70	   117.2	    31.1	    -4.0	   -20.7	   137.1	   -16.4	   0.000	   1.216	    61.1	    10.0	  111915	   21.90	   21.90	    0.16	    0.17	    0.00	  19.641	  19.385	  19.810	  19.469	   0.000	   0.000	   0.000	   0.000	   0.000	   0.000
       2	 13:17:38	   0.004	  -0.005	   26.04	 1011.44	   16.66	   113.5	    18.4	    -6.5	   -17.5	   134.0	    -9.1	   0.000	   1.216	    61.0	    10.0	  111847	   22.20	   22.20	    0.17	    0.16	    0.00	  19.432	  19.215	  20.147	  19.796	   0.000	   0.000	   0.000	   0.000	   0.000	   0.000
       3	 13:19:27	  13.996	  -0.005	  104.01	 1011.46	   16.65	  1281.4	   -52.0	   266.7	   323.4	  1172.7	    14.1	   0.000	   1.216	   242.6	    20.0	  222992	   20.50	   20.50	   -0.11	   -0.13	    0.00	  18.757	  18.647	  15.400	  15.081	   0.000	   0.000	   0.000	   0.000	   0.000	   0.000
       4	 13:20:01	  13.996	  -0.005	  104.46	 1011.45	   16.62	  1063.9	   -32.3	   332.9	   369.7	   979.6	     0.6	   0.000	   1.216	   243.7	    20.0	  223503	   44.40	   44.40	    0.50	    0.55	    0.00	  18.572	  18.499	  42.292	  42.044	   0.000	   0.000	   0.000	   0.000	   0.000	   0.000
       5	 13:20:51	  13.996	  -0.005	  104.08	 1011.46	   16.60	  1283.4	   -52.2	   266.2	   323.4	  1173.8	    14.2	   0.000	   1.216	   242.8	    20.0	  223119	   20.51	   20.50	   -0.12	   -0.14	    0.00	  18.402	  18.366	  15.385	  15.096	   0.000	   0.000	   0.000	   0.000	   0.000	   0.000
       6	 13:21:53	  13.996	  -0.005	  235.61	 1011.45	   16.69	  2787.1	  -102.0	   788.1	   817.5	  2101.3	    54.3	   0.000	   1.216	   550.4	    30.1	  335799	   24.00	   24.01	   -0.56	   -0.68	    0.00	  18.131	  18.152	  16.163	  15.475	   0.000	   0.000	   0.000	   0.000	   0.000	   0.000
       7	 13:22:42	  13.996	  -0.005	  235.65	 1011.45	   16.74	  2775.8	  -100.4	   793.2	   820.5	  2093.7	    54.0	   0.000	   1.215	   550.5	    30.1	  335755	   26.00	   26.00	   -0.54	   -0.66	    0.00	  17.998	  18.042	  17.938	  17.115	   0.000	   0.000	   0.000	   0.000	   0.000	   0.000
       8	 13:23:55	  10.004	  -0.005	  234.79	 1011.47	   16.78	  1795.2	   -56.0	   752.0	   743.4	  1408.5	    32.5	   0.000	   1.215	   548.5	    30.0	  335083	   45.11	   45.10	   -0.16	   -0.39	    0.00	  17.934	  18.013	  35.328	  33.375	   0.000	   0.000	   0.000	   0.000	   0.000	   0.000
       9	 13:25:05	  10.004	  -0.005	  413.07	 1011.48	   16.99	  2167.2	  -120.0	  1580.5	  1526.1	  1510.2	    97.9	   0.000	   1.214	   968.0	    39.9	  444734	   89.32	   89.29	    3.11	    2.48	    0.00	  18.198	  18.602	  45.897	  45.384	   0.000	   0.000	   0.000	   0.000	   0.000	   0.000
      10	 13:26:07	  -5.000	  -0.005	  414.34	 1011.48	   17.20	  2097.3	    22.0	 -1354.9	 -1310.2	  2890.8	   -83.4	   0.000	   1.214	   971.0	    40.0	  445018	   67.10	   67.10	   -0.64	   -0.63	    0.00	  18.652	  19.401	  44.526	  44.682	   0.000	   0.000	   0.000	   0.000	   0.000	   0.000
      11	 13:26:45	  -5.000	  -0.005	  413.76	 1011.46	   17.30	  2302.3	   115.9	 -1337.2	 -1348.0	  3019.2	  -137.9	   0.000	   1.213	   969.7	    40.0	  444505	   31.50	   31.50	   -1.29	   -1.44	    0.00	  18.774	  19.471	  18.910	  18.500	   0.000	   0.000	   0.000	   0.000	   0.000	   0.000
      12	 13:27:51	   6.996	  -0.005	  414.11	 1011.45	   17.38	  2354.7	    25.8	  1150.5	  1068.5	  1968.2	     9.5	   0.000	   1.213	   970.5	    40.0	  444537	   61.40	   61.40	   -0.93	   -0.96	    0.00	  18.840	  19.394	  42.936	  41.874	   0.000	   0.000	   0.000	   0.000	   0.000	   0.000
      13	 13:28:35	   6.996	  -0.005	  413.26	 1011.47	   17.36	  2488.6	    -0.4	  1105.5	  1042.0	  2088.4	    23.9	   0.000	   1.213	   968.5	    40.0	  444119	   27.00	   27.00	   -1.35	   -1.40	    0.00	  18.865	  19.348	  15.541	  15.227	   0.000	   0.000	   0.000	   0.000	   0.000	   0.000
      14	 13:29:37	   8.000	  -0.005	  415.07	 1011.45	   17.38	  -134.3	   -13.9	  1797.2	  1640.2	  -110.3	    43.3	   0.000	   1.213	   972.7	    40.1	  445054	  123.00	  122.99	   11.85	   11.60	    0.00	  19.334	  20.196	  53.058	  52.676	   0.000	   0.000	   0.000	   0.000	   0.000	   0.000
      15	 13:31:20	   8.000	  -0.005	  414.42	 1011.47	   17.44	  2663.1	   -15.6	  1242.7	  1182.8	  2121.7	    34.5	   0.000	   1.213	   971.2	    40.0	  444590	   26.99	   27.56	   -1.39	   -1.39	    0.00	  23.202	  25.119	  14.879	  14.878	   0.000	   0.000	   0.000	   0.000	   0.000	   0.000
      16	 13:34:32	   0.004	  -0.005	   -1.10	 1011.47	   17.12	     5.9	     0.5	    -1.2	    -2.8	     5.9	     1.6	   0.000	   1.214	    -2.0	     NaN	9223372036854775807	    0.00	    0.00	    0.04	    0.04	    0.00	  23.871	  23.546	  18.590	  18.030	   0.000	   0.000	   0.000	   0.000	   0.000	   0.000
