71.000,-0.758,1011.416,17.040,1.214,-1.245,NaN,NaN,0.000,0.000,0.000,0.000,8.004,-0.005,0.000,0.000,0.000,0.065,21.430,0.000,15.528,0.004,100.250,0.000,0.038,21.229,0.000,15.041,27.000,2.000,2026.000,13.000,51.000,44.000
71.000,-0.783,1011.413,17.040,1.214,-1.303,NaN,NaN,0.000,0.000,0.000,0.000,8.004,-0.005,0.000,0.000,0.000,0.038,21.424,0.000,15.528,0.004,100.250,0.000,0.038,21.225,0.000,15.045,27.000,2.000,2026.000,13.000,51.000,45.000
71.000,-0.812,1011.411,17.040,1.214,-1.371,NaN,NaN,0.000,0.000,0.000,0.000,8.004,-0.005,0.000,0.000,0.000,0.060,21.419,0.000,15.528,0.004,100.375,0.000,0.054,21.233,0.000,15.041,27.000,2.000,2026.000,13.000,51.000,45.000
71.000,-0.832,1011.411,17.040,1.214,-1.417,NaN,NaN,0.000,0.000,0.000,0.000,8.004,-0.005,0.000,0.000,0.000,0.065,21.419,0.000,15.531,0.004,100.375,0.000,0.044,21.221,0.000,15.045,27.000,2.000,2026.000,13.000,51.000,46.000
71.000,-0.844,1011.412,17.040,1.214,-1.445,NaN,NaN,0.000,0.000,0.000,0.000,8.004,-0.005,0.000,0.000,0.000,0.044,21.412,0.000,15.531,0.004,100.375,0.000,0.044,21.219,0.000,15.045,27.000,2.000,2026.000,13.000,51.000,46.000
71.000,-0.860,1011.412,17.040,1.214,-1.482,NaN,NaN,0.000,0.000,0.000,0.000,8.004,-0.005,0.000,0.000,0.000,0.038,21.423,0.000,15.528,0.000,100.250,0.000,0.038,21.236,0.000,15.045,27.000,2.000,2026.000,13.000,51.000,47.000
71.000,-0.869,1011.411,17.040,1.214,-1.503,NaN,NaN,0.000,0.000,0.000,0.000,8.004,-0.005,0.000,0.000,0.000,0.044,21.417,0.000,15.528,0.000,100.250,0.000,0.038,21.208,0.000,15.045,27.000,2.000,2026.000,13.000,51.000,47.000
71.000,-0.886,1011.413,17.040,1.214,-1.543,NaN,NaN,0.000,0.000,0.000,0.000,8.004,-0.005,0.000,0.000,0.000,0.049,21.417,0.000,15.528,0.000,100.375,0.000,0.033,21.219,0.000,15.045,27.000,2.000,2026.000,13.000,51.000,48.000
71.000,-0.904,1011.414,17.040,1.214,-1.585,NaN,NaN,0.000,0.000,0.000,0.000,8.004,-0.005,0.000,0.000,0.000,0.033,21.427,0.000,15.528,0.000,100.375,0.000,0.044,21.225,0.000,15.045,27.000,2.000,2026.000,13.000,51.000,48.000
71.000,-0.922,1011.414,17.040,1.214,-1.626,NaN,NaN,0.000,0.000,0.000,0.000,8.004,-0.005,0.000,0.000,0.000,0.054,21.424,0.000,15.528,0.000,100.375,0.000,0.033,21.224,0.000,15.045,27.000,2.000,2026.000,13.000,51.000,49.000
71.000,-0.940,1011.413,17.040,1.214,-1.668,NaN,NaN,0.000,0.000,0.000,0.000,8.004,-0.005,0.000,0.000,0.000,0.054,21.404,0.000,15.531,0.000,100.381,0.000,0.033,21.222,0.018,15.045,27.000,2.000,2026.000,13.000,51.000,49.000
71.000,-0.957,1011.410,17.040,1.214,-1.708,NaN,NaN,0.000,0.000,0.000,0.000,8.004,-0.005,0.000,0.000,0.000,0.044,21.420,0.000,15.528,0.000,100.500,0.000,0.033,21.223,0.000,15.045,27.000,2.000,2026.000,13.000,51.000,50.000
71.000,-0.965,1011.411,17.040,1.214,-1.726,NaN,NaN,0.000,0.000,0.000,0.000,8.004,-0.005,0.000,0.000,0.000,0.049,21.445,0.000,15.531,0.000,100.500,0.000,0.049,21.233,0.000,15.041,27.000,2.000,2026.000,13.000,51.000,50.000
71.000,-0.975,1011.410,17.040,1.214,-1.750,NaN,NaN,0.000,0.000,0.000,0.000,8.004,-0.005,0.000,0.000,0.000,0.049,21.425,0.000,15.531,0.000,100.500,0.000,0.054,21.214,0.000,15.041,27.000,2.000,2026.000,13.000,51.000,51.000
71.000,-0.992,1011.409,17.040,1.214,-1.789,NaN,NaN,0.000,0.000,0.000,0.000,8.004,-0.005,0.000,0.000,0.000,0.044,21.408,0.000,15.528,0.000,100.500,0.000,0.049,21.217,0.000,15.045,27.000,2.000,2026.000,13.000,51.000,51.000
71.000,-1.012,1011.409,17.040,1.214,-1.835,NaN,NaN,0.000,0.000,0.000,0.000,8.004,-0.005,0.000,0.000,0.000,0.027,21.413,0.000,15.531,0.000,100.625,0.000,0.038,21.218,0.000,15.041,27.000,2.000,2026.000,13.000,51.000,52.000
71.000,-1.025,1011.408,17.040,1.214,-1.866,NaN,NaN,0.000,0.000,0.000,0.000,8.004,-0.005,0.000,0.000,0.000,0.038,21.413,0.000,15.531,0.000,100.500,0.000,0.060,21.222,0.000,15.041,27.000,2.000,2026.000,13.000,51.000,52.000
71.000,-1.037,1011.415,17.040,1.214,-1.894,NaN,NaN,0.000,0.000,0.000,0.000,8.004,-0.005,0.000,0.000,0.000,0.049,21.403,0.000,15.531,0.000,100.500,0.000,0.044,21.228,0.000,15.045,27.000,2.000,2026.000,13.000,51.000,53.000
71.000,-0.983,1011.423,17.040,1.214,-1.768,NaN,NaN,0.000,0.000,0.000,0.000,8.004,-0.005,0.000,0.000,0.000,0.044,21.436,0.000,15.528,0.000,100.625,0.000,0.044,21.209,0.000,15.045,27.000,2.000,2026.000,13.000,51.000,53.000
71.000,-1.035,1011.418,17.040,1.214,-1.889,NaN,NaN,0.000,0.000,0.000,0.000,8.004,-0.005,0.000,0.000,0.000,0.038,21.416,0.000,15.528,0.000,100.625,0.000,0.044,21.196,0.000,15.045,27.000,2.000,2026.000,13.000,51.000,54.000
71.000,-1.068,1011.414,17.040,1.214,-1.966,NaN,NaN,0.000,0.000,0.000,0.000,8.004,-0.005,0.000,0.000,0.000,0.044,21.414,0.000,15.531,0.000,100.625,0.000,0.044,21.198,0.000,15.041,27.000,2.000,2026.000,13.000,51.000,54.000
71.000,-1.075,1011.412,17.040,1.214,-1.982,NaN,NaN,0.000,0.000,0.000,0.000,8.004,-0.005,0.000,0.000,0.000,0.054,21.415,0.000,15.531,0.000,100.625,0.000,0.049,21.197,0.000,15.045,27.000,2.000,2026.000,13.000,51.000,55.000
71.000,-1.082,1011.412,17.040,1.214,-1.998,NaN,NaN,0.000,0.000,0.000,0.000,8.004,-0.005,0.000,0.000,0.000,0.038,21.425,0.000,15.528,0.000,100.625,0.000,0.038,21.192,0.000,15.041,27.000,2.000,2026.000,13.000,51.000,55.000
71.000,-1.092,1011.414,17.040,1.214,-2.021,NaN,NaN,0.000,0.000,0.000,0.000,8.004,-0.005,0.000,0.000,0.000,0.038,21.414,0.000,15.528,0.000,100.625,0.000,0.044,21.210,0.000,15.045,27.000,2.000,2026.000,13.000,51.000,56.000
71.000,-1.096,1011.418,17.040,1.214,-2.031,NaN,NaN,0.000,0.000,0.000,0.000,8.004,-0.005,0.000,0.000,0.000,0.071,21.427,0.000,15.528,0.000,100.727,0.000,0.054,21.196,0.040,15.045,27.000,2.000,2026.000,13.000,51.000,56.000
71.000,-1.104,1011.416,17.040,1.214,-2.049,NaN,NaN,0.000,0.000,0.000,0.000,8.004,-0.005,0.000,0.000,0.000,0.060,21.412,0.000,15.528,0.000,100.750,0.000,0.038,21.203,0.000,15.045,27.000,2.000,2026.000,13.000,51.000,57.000
71.000,-1.117,1011.416,17.040,1.214,-2.079,NaN,NaN,0.000,0.000,0.000,0.000,8.004,-0.005,0.000,0.000,0.000,0.027,21.440,0.000,15.528,0.000,100.750,0.000,0.044,21.203,0.000,15.045,27.000,2.000,2026.000,13.000,51.000,57.000
71.000,-1.130,1011.414,17.040,1.214,-2.110,NaN,NaN,0.000,0.000,0.000,0.000,8.004,-0.005,0.000,0.000,0.000,0.044,21.432,0.000,15.528,0.000,100.750,0.000,0.049,21.167,0.000,15.045,27.000,2.000,2026.000,13.000,51.000,58.000
71.000,-1.135,1011.414,17.040,1.214,-2.121,NaN,NaN,0.000,0.000,0.000,0.000,8.004,-0.005,0.000,0.000,0.000,0.044,21.422,0.000,15.528,0.000,100.750,0.000,0.049,21.189,0.000,15.045,27.000,2.000,2026.000,13.000,51.000,58.000
71.000,-1.142,1011.413,17.040,1.214,-2.137,NaN,NaN,0.000,0.000,0.000,0.000,8.004,-0.005,0.000,0.000,0.000,0.054,21.433,0.000,15.531,0.000,100.750,0.000,0.049,21.193,0.000,15.041,27.000,2.000,2026.000,13.000,51.000,59.000
71.000,-1.148,1011.416,17.040,1.214,-2.151,NaN,NaN,0.000,0.000,0.000,0.000,8.004,-0.005,0.000,0.000,0.000,0.049,21.410,0.000,15.528,0.000,100.750,0.000,0.044,21.187,0.000,15.045,27.000,2.000,2026.000,13.000,51.000,59.000
71.000,-1.161,1011.416,17.040,1.214,-2.182,NaN,NaN,0.000,0.000,0.000,0.000,8.004,-0.005,0.000,0.000,0.000,0.033,21.408,0.000,15.528,0.000,100.750,0.000,0.038,21.200,0.000,15.045,27.000,2.000,2026.000,13.000,52.000,0.000
71.000,-1.162,1011.415,17.040,1.214,-2.184,NaN,NaN,0.000,0.000,0.000,0.000,8.004,-0.005,0.000,0.000,0.000,0.044,21.413,0.000,15.528,0.000,100.750,0.000,0.038,21.182,0.000,15.045,27.000,2.000,2026.000,13.000,52.000,0.000
71.000,-1.178,1011.413,17.040,1.214,-2.221,NaN,NaN,0.000,0.000,0.000,0.000,8.004,-0.005,0.000,0.000,0.000,0.049,21.424,0.000,15.528,0.000,100.750,0.000,0.049,21.193,0.000,15.041,27.000,2.000,2026.000,13.000,52.000,1.000
71.000,-1.179,1011.412,17.040,1.214,-2.223,NaN,NaN,0.000,0.000,0.000,0.000,8.004,-0.005,0.000,0.000,0.000,0.038,21.428,0.000,15.528,0.000,100.750,0.000,0.044,21.180,0.000,15.045,27.000,2.000,2026.000,13.000,52.000,1.000
71.000,-1.189,1011.403,17.040,1.214,-2.247,NaN,NaN,0.000,0.000,0.000,0.000,8.004,-0.005,0.000,0.000,0.000,0.076,21.413,0.000,15.528,-0.000,100.750,0.000,0.038,21.196,0.000,15.045,27.000,2.000,2026.000,13.000,52.000,2.000
71.000,-1.249,1011.409,17.040,1.214,-2.386,NaN,NaN,0.000,0.000,0.000,0.000,8.004,-0.005,0.000,0.000,0.000,0.049,21.444,0.000,15.528,-0.000,100.875,0.000,0.033,21.187,0.000,15.041,27.000,2.000,2026.000,13.000,52.000,2.000
71.000,-1.183,1011.411,17.040,1.214,-2.233,NaN,NaN,0.000,0.000,0.000,0.000,8.004,-0.005,0.000,0.000,0.000,0.060,21.453,0.000,15.528,-0.000,100.875,0.000,0.038,21.190,0.000,15.041,27.000,2.000,2026.000,13.000,52.000,3.000
71.000,-1.195,1011.411,17.040,1.214,-2.261,NaN,NaN,0.000,0.000,0.000,0.000,8.004,-0.005,0.000,0.000,0.000,0.049,21.422,0.000,15.528,-0.000,100.875,0.000,0.038,21.167,0.000,15.041,27.000,2.000,2026.000,13.000,52.000,3.000
71.000,-1.200,1011.411,17.040,1.214,-2.272,NaN,NaN,0.000,0.000,0.000,0.000,8.004,-0.005,0.000,0.000,0.000,0.065,21.413,0.000,15.531,-0.000,100.875,0.000,0.044,21.182,0.000,15.045,27.000,2.000,2026.000,13.000,52.000,4.000
