73.000,414.597,1011.144,17.240,1.213,971.628,40.025,445005.620,0.000,0.000,0.000,0.000,8.000,-0.005,27.479,0.000,0.015,-1.756,20.630,0.000,15.545,27.497,148.676,0.020,-2.100,21.960,0.223,15.125,27.000,2.000,2026.000,14.000,10.000,54.000
73.000,414.534,1011.138,17.240,1.213,971.479,40.022,444970.230,0.000,0.000,0.000,0.000,8.000,-0.005,27.491,0.000,0.020,-1.593,20.751,0.000,15.479,27.503,148.105,0.031,-1.942,21.922,0.175,15.167,27.000,2.000,2026.000,14.000,10.000,54.000
73.000,414.556,1011.140,17.240,1.213,971.531,40.023,444982.568,0.000,0.000,0.000,0.000,8.000,-0.005,27.500,0.000,0.051,-1.292,20.599,0.000,15.790,27.501,144.667,0.028,-1.854,21.977,0.198,15.150,27.000,2.000,2026.000,14.000,10.000,55.000
73.000,414.511,1011.144,17.240,1.213,971.425,40.021,444959.111,0.000,0.000,0.000,0.000,8.000,-0.005,27.517,0.000,0.026,-1.511,20.703,0.000,15.507,27.498,145.397,0.025,-1.980,21.952,0.242,15.195,27.000,2.000,2026.000,14.000,10.000,55.000
73.000,414.467,1011.146,17.240,1.213,971.321,40.019,444935.753,0.000,0.000,0.000,0.000,8.000,-0.005,27.490,0.000,0.028,-1.751,20.604,0.000,15.521,27.483,145.066,0.013,-2.034,21.991,0.239,15.132,27.000,2.000,2026.000,14.000,10.000,56.000
73.000,414.397,1011.148,17.240,1.213,971.156,40.015,444898.331,0.000,0.000,0.000,0.000,8.000,-0.005,27.505,0.000,0.016,-1.369,20.798,0.000,15.500,27.483,145.762,0.024,-1.658,21.941,0.198,15.192,27.000,2.000,2026.000,14.000,10.000,56.000
73.000,414.420,1011.148,17.240,1.213,971.210,40.016,444910.772,0.000,0.000,0.000,0.000,8.000,-0.005,27.486,0.000,0.021,-1.554,20.616,0.000,15.486,27.511,148.372,0.033,-2.007,21.990,0.278,15.213,27.000,2.000,2026.000,14.000,10.000,57.000
73.000,414.391,1011.148,17.240,1.213,971.142,40.015,444895.086,0.000,0.000,0.000,0.000,8.000,-0.005,27.494,0.000,0.018,-1.347,20.750,0.000,15.531,27.498,147.695,0.028,-1.778,21.948,0.130,15.090,27.000,2.000,2026.000,14.000,10.000,57.000
73.000,414.367,1011.154,17.240,1.213,971.085,40.014,444883.424,0.000,0.000,0.000,0.000,8.000,-0.005,27.500,0.000,0.014,-0.944,20.625,0.000,15.528,27.501,147.098,0.019,-1.467,22.010,0.090,15.185,27.000,2.000,2026.000,14.000,10.000,58.000
73.000,414.308,1011.156,17.240,1.213,970.946,40.011,444851.948,0.000,0.000,0.000,0.000,8.000,-0.005,27.504,0.000,0.026,-1.423,20.806,0.000,15.510,27.490,147.542,0.027,-1.963,21.985,0.263,15.139,27.000,2.000,2026.000,14.000,10.000,58.000
73.000,414.403,1011.158,17.240,1.213,971.170,40.015,444903.777,0.000,0.000,0.000,0.000,8.000,-0.005,27.505,0.000,0.037,-0.938,20.710,0.000,15.517,27.512,146.718,0.019,-1.342,21.999,0.084,15.185,27.000,2.000,2026.000,14.000,10.000,59.000
73.000,414.406,1011.159,17.240,1.213,971.177,40.015,444905.619,0.000,0.000,0.000,0.000,8.000,-0.005,27.513,0.000,0.022,-1.096,20.710,0.000,15.510,27.514,148.716,0.033,-1.729,22.016,0.172,15.150,27.000,2.000,2026.000,14.000,10.000,59.000
73.000,414.410,1011.159,17.240,1.213,971.187,40.016,444907.783,0.000,0.000,0.000,0.000,8.000,-0.005,27.490,0.000,0.022,-0.851,20.722,0.000,15.486,27.501,147.785,0.019,-1.571,22.004,0.183,15.164,27.000,2.000,2026.000,14.000,11.000,0.000
73.000,414.395,1011.157,17.260,1.213,971.151,40.016,444860.151,0.000,0.000,0.000,0.000,8.000,-0.005,27.524,0.000,0.024,-1.167,20.787,0.000,15.493,27.511,147.977,0.025,-1.712,21.999,0.175,15.146,27.000,2.000,2026.000,14.000,11.000,0.000
73.000,414.430,1011.157,17.260,1.213,971.234,40.018,444879.081,0.000,0.000,0.000,0.000,8.000,-0.005,27.515,0.000,0.028,-0.960,20.771,0.000,15.468,27.508,147.382,0.030,-1.347,21.998,0.250,15.167,27.000,2.000,2026.000,14.000,11.000,1.000
73.000,414.406,1011.157,17.260,1.213,971.177,40.017,444866.100,0.000,0.000,0.000,0.000,8.000,-0.005,27.488,0.000,0.022,-1.009,20.681,0.000,15.528,27.514,147.949,0.034,-1.789,22.037,0.363,15.153,27.000,2.000,2026.000,14.000,11.000,1.000
73.000,414.408,1011.159,17.260,1.213,971.182,40.017,444867.622,0.000,0.000,0.000,0.000,8.000,-0.005,27.512,0.000,0.032,-1.069,20.840,0.000,15.545,27.473,147.748,0.015,-1.380,21.985,0.492,15.192,27.000,2.000,2026.000,14.000,11.000,2.000
73.000,414.399,1011.162,17.260,1.213,971.161,40.016,444863.414,0.000,0.000,0.000,0.000,8.000,-0.005,27.491,0.000,0.020,-1.745,20.736,0.000,15.552,27.495,147.932,0.027,-0.796,22.045,0.157,15.115,27.000,2.000,2026.000,14.000,11.000,2.000
73.000,414.461,1011.162,17.260,1.213,971.307,40.019,444896.947,0.000,0.000,0.000,0.000,8.000,-0.005,27.484,0.000,0.021,-2.034,20.854,0.000,15.566,27.519,147.636,0.022,-1.494,21.984,0.350,15.129,27.000,2.000,2026.000,14.000,11.000,3.000
73.000,414.390,1011.165,17.260,1.213,971.139,40.016,444859.206,0.000,0.000,0.000,0.000,8.000,-0.005,27.511,0.000,0.024,-2.051,20.701,0.000,15.528,27.503,147.451,0.026,-0.922,22.049,0.141,15.174,27.000,2.000,2026.000,14.000,11.000,3.000
73.000,414.359,1011.162,17.260,1.213,971.066,40.014,444841.779,0.000,0.000,0.000,0.000,8.000,-0.005,27.490,0.000,0.028,-0.600,20.890,0.000,15.601,27.511,146.299,0.011,-0.769,21.995,0.270,15.132,27.000,2.000,2026.000,14.000,11.000,4.000
73.000,414.394,1011.166,17.260,1.213,971.149,40.016,444861.590,0.000,0.000,0.000,0.000,8.000,-0.005,27.491,0.000,0.015,-1.811,20.763,0.000,15.545,27.509,147.518,0.033,-0.862,22.051,0.302,15.206,27.000,2.000,2026.000,14.000,11.000,4.000
73.000,414.458,1011.166,17.260,1.213,971.300,40.019,444896.204,0.000,0.000,0.000,0.000,8.000,-0.005,27.507,0.000,0.023,-2.072,20.908,0.000,15.486,27.494,148.370,0.016,-1.985,22.002,0.185,15.150,27.000,2.000,2026.000,14.000,11.000,5.000
73.000,414.524,1011.166,17.260,1.213,971.456,40.022,444931.897,0.000,0.000,0.000,0.000,8.000,-0.005,27.482,0.000,0.025,-1.903,20.740,0.000,15.556,27.517,149.468,0.027,-1.696,22.075,0.392,15.209,27.000,2.000,2026.000,14.000,11.000,5.000
73.000,414.551,1011.172,17.260,1.213,971.520,40.023,444947.818,0.000,0.000,0.000,0.000,8.000,-0.005,27.489,0.000,0.021,-1.707,20.881,0.000,15.556,27.498,150.575,0.025,-2.100,22.029,0.086,15.171,27.000,2.000,2026.000,14.000,11.000,6.000
73.000,414.563,1011.176,17.260,1.213,971.548,40.024,444955.188,0.000,0.000,0.000,0.000,8.000,-0.005,27.518,0.000,0.023,-1.931,20.866,0.000,15.503,27.507,149.967,0.024,-0.807,22.020,0.117,15.108,27.000,2.000,2026.000,14.000,11.000,6.000
73.000,414.496,1011.178,17.260,1.213,971.390,40.021,444919.395,0.000,0.000,0.000,0.000,8.000,-0.005,27.490,0.000,0.029,-1.582,20.857,0.000,15.584,27.509,150.136,0.028,-1.712,22.057,0.208,15.192,27.000,2.000,2026.000,14.000,11.000,7.000
73.000,414.416,1011.180,17.260,1.213,971.201,40.017,444876.568,0.000,0.000,0.000,0.000,8.000,-0.005,27.499,0.000,0.024,-1.783,20.840,0.000,15.528,27.501,149.849,0.024,-2.236,22.070,0.156,15.115,27.000,2.000,2026.000,14.000,11.000,7.000
73.000,414.381,1011.178,17.260,1.213,971.118,40.015,444857.198,0.000,0.000,0.000,0.000,8.000,-0.005,27.513,0.000,0.026,-1.642,20.838,0.000,15.563,27.500,150.424,0.028,-1.991,22.080,0.231,15.132,27.000,2.000,2026.000,14.000,11.000,8.000
73.000,414.391,1011.178,17.260,1.213,971.142,40.016,444862.607,0.000,0.000,0.000,0.000,8.000,-0.005,27.497,0.000,0.015,-1.756,20.933,0.000,15.566,27.501,150.246,0.028,-1.505,22.028,0.142,15.199,27.000,2.000,2026.000,14.000,11.000,8.000
73.000,414.439,1011.176,17.260,1.213,971.255,40.018,444888.128,0.000,0.000,0.000,0.000,8.000,-0.005,27.505,0.000,0.019,-1.560,20.790,0.000,15.500,27.518,149.953,0.029,-1.794,22.078,0.158,15.188,27.000,2.000,2026.000,14.000,11.000,9.000
73.000,414.439,1011.175,17.260,1.213,971.255,40.018,444887.908,0.000,0.000,0.000,0.000,8.000,-0.005,27.497,0.000,0.025,-1.429,20.906,0.000,15.535,27.493,150.515,0.027,-1.892,22.044,0.222,15.104,27.000,2.000,2026.000,14.000,11.000,9.000
73.000,414.453,1011.183,17.260,1.213,971.288,40.019,444897.240,0.000,0.000,0.000,0.000,8.000,-0.005,27.489,0.000,0.019,-1.522,20.792,0.000,15.496,27.488,150.552,0.015,-1.892,22.109,0.068,15.171,27.000,2.000,2026.000,14.000,11.000,10.000
73.000,414.415,1011.187,17.260,1.213,971.198,40.017,444877.567,0.000,0.000,0.000,0.000,8.000,-0.005,27.499,0.000,0.022,-1.113,20.998,0.000,15.556,27.508,150.700,0.028,-1.963,22.021,0.198,15.122,27.000,2.000,2026.000,14.000,11.000,10.000
73.000,414.447,1011.187,17.260,1.213,971.274,40.018,444894.875,0.000,0.000,0.000,0.000,8.000,-0.005,27.504,0.000,0.019,-1.560,20.808,0.000,15.545,27.504,151.307,0.021,-1.800,22.081,0.092,15.209,27.000,2.000,2026.000,14.000,11.000,11.000
73.000,414.416,1011.191,17.260,1.213,971.201,40.017,444878.988,0.000,0.000,0.000,0.000,8.000,-0.005,27.492,0.000,0.019,-1.096,20.949,0.000,15.538,27.501,150.015,0.024,-1.734,22.037,0.121,15.157,27.000,2.000,2026.000,14.000,11.000,11.000
73.000,414.467,1011.190,17.260,1.213,971.321,40.019,444906.351,0.000,0.000,0.000,0.000,8.000,-0.005,27.516,0.000,0.055,-1.369,20.791,0.000,15.584,27.506,148.546,0.032,-1.931,22.112,0.321,15.185,27.000,2.000,2026.000,14.000,11.000,12.000
73.000,414.554,1011.189,17.280,1.213,971.527,40.025,444914.101,0.000,0.000,0.000,0.000,8.000,-0.005,27.489,0.000,0.020,-1.145,21.000,0.000,15.545,27.526,148.162,0.028,-1.729,22.052,0.531,15.167,27.000,2.000,2026.000,14.000,11.000,12.000
73.000,414.575,1011.192,17.260,1.213,971.576,40.024,444965.197,0.000,0.000,0.000,0.000,8.000,-0.005,27.472,0.000,0.027,-0.774,20.881,0.000,15.514,27.513,150.681,0.022,-1.462,22.084,0.528,15.160,27.000,2.000,2026.000,14.000,11.000,13.000
73.000,414.553,1011.192,17.280,1.213,971.524,40.025,444914.220,0.000,0.000,0.000,0.000,8.000,-0.005,27.511,0.000,0.027,-0.949,20.869,0.000,15.528,27.494,151.429,0.023,-1.712,22.078,0.216,15.255,27.000,2.000,2026.000,14.000,11.000,13.000
