74.000,-1.148,1011.209,16.960,1.214,-2.151,NaN,NaN,0.000,0.000,0.000,0.000,8.000,-0.005,0.000,0.000,0.000,0.038,21.454,0.000,15.587,0.000,56.875,0.000,0.044,21.312,0.000,15.216,27.000,2.000,2026.000,14.000,14.000,15.000
74.000,-1.155,1011.208,16.960,1.214,-2.168,NaN,NaN,0.000,0.000,0.000,0.000,8.000,-0.005,0.000,0.000,0.000,0.044,21.441,0.000,15.587,0.000,56.875,0.000,0.038,21.276,0.000,15.216,27.000,2.000,2026.000,14.000,14.000,15.000
74.000,-1.165,1011.208,16.960,1.214,-2.191,NaN,NaN,0.000,0.000,0.000,0.000,8.000,-0.005,0.000,0.000,0.000,0.044,21.445,0.000,15.587,0.000,56.875,0.000,0.049,21.300,0.000,15.216,27.000,2.000,2026.000,14.000,14.000,16.000
74.000,-1.172,1011.209,16.960,1.214,-2.207,NaN,NaN,0.000,0.000,0.000,0.000,8.000,-0.005,0.000,0.000,0.000,0.038,21.452,0.000,15.587,0.000,56.750,0.000,0.044,21.301,0.000,15.216,27.000,2.000,2026.000,14.000,14.000,16.000
74.000,-1.175,1011.211,16.980,1.214,-2.214,NaN,NaN,0.000,0.000,0.000,0.000,8.000,-0.005,0.000,0.000,0.000,0.033,21.424,0.000,15.591,0.000,56.750,0.000,0.044,21.267,0.000,15.216,27.000,2.000,2026.000,14.000,14.000,17.000
74.000,-1.180,1011.212,16.960,1.214,-2.226,NaN,NaN,0.000,0.000,0.000,0.000,8.000,-0.005,0.000,0.000,0.000,0.027,21.466,0.000,15.587,0.000,56.750,0.000,0.049,21.246,0.000,15.216,27.000,2.000,2026.000,14.000,14.000,17.000
74.000,-1.188,1011.215,16.960,1.214,-2.244,NaN,NaN,0.000,0.000,0.000,0.000,8.000,-0.005,0.000,0.000,0.000,0.049,21.451,0.000,15.587,0.000,56.750,0.000,0.033,21.279,0.000,15.216,27.000,2.000,2026.000,14.000,14.000,18.000
74.000,-1.190,1011.210,16.980,1.214,-2.249,NaN,NaN,0.000,0.000,0.000,0.000,8.000,-0.005,0.000,0.000,0.000,0.038,21.425,0.000,15.591,0.000,56.750,0.000,0.054,21.266,0.000,15.216,27.000,2.000,2026.000,14.000,14.000,18.000
74.000,-1.199,1011.210,16.980,1.214,-2.270,NaN,NaN,0.000,0.000,0.000,0.000,8.000,-0.005,0.000,0.000,0.000,0.049,21.449,0.000,15.587,0.000,56.875,0.000,0.038,21.261,0.000,15.216,27.000,2.000,2026.000,14.000,14.000,19.000
74.000,-1.214,1011.208,16.960,1.214,-2.305,NaN,NaN,0.000,0.000,0.000,0.000,8.000,-0.005,0.000,0.000,0.000,0.060,21.434,0.000,15.591,0.000,56.875,0.000,0.049,21.279,0.000,15.220,27.000,2.000,2026.000,14.000,14.000,19.000
74.000,-1.218,1011.207,16.960,1.214,-2.314,NaN,NaN,0.000,0.000,0.000,0.000,8.000,-0.005,0.000,0.000,0.000,0.049,21.440,0.000,15.587,0.000,56.875,0.000,0.049,21.271,0.000,15.216,27.000,2.000,2026.000,14.000,14.000,20.000
74.000,-1.214,1011.208,16.980,1.214,-2.305,NaN,NaN,0.000,0.000,0.000,0.000,8.000,-0.005,0.000,0.000,0.000,0.044,21.443,0.000,15.587,0.000,56.875,0.000,0.038,21.276,0.000,15.216,27.000,2.000,2026.000,14.000,14.000,20.000
74.000,-1.220,1011.210,16.980,1.214,-2.319,NaN,NaN,0.000,0.000,0.000,0.000,8.000,-0.005,0.000,0.000,0.000,0.038,21.459,0.000,15.587,0.000,56.875,0.000,0.038,21.252,0.000,15.216,27.000,2.000,2026.000,14.000,14.000,21.000
74.000,-1.216,1011.213,16.960,1.214,-2.309,NaN,NaN,0.000,0.000,0.000,0.000,8.000,-0.005,0.000,0.000,0.000,0.065,21.445,0.000,15.587,0.000,56.875,0.000,0.038,21.272,0.000,15.216,27.000,2.000,2026.000,14.000,14.000,21.000
74.000,-1.220,1011.214,16.960,1.214,-2.319,NaN,NaN,0.000,0.000,0.000,0.000,8.000,-0.005,0.000,0.000,0.000,0.071,21.455,0.000,15.587,0.000,56.875,0.000,0.027,21.274,0.000,15.216,27.000,2.000,2026.000,14.000,14.000,22.000
74.000,-1.224,1011.214,16.960,1.214,-2.328,NaN,NaN,0.000,0.000,0.000,0.000,8.000,-0.005,0.000,0.000,0.000,0.038,21.433,0.000,15.587,0.000,56.875,0.000,0.038,21.252,0.000,15.216,27.000,2.000,2026.000,14.000,14.000,22.000
74.000,-1.227,1011.216,16.960,1.214,-2.335,NaN,NaN,0.000,0.000,0.000,0.000,8.000,-0.005,0.000,0.000,0.000,0.033,21.457,0.000,15.587,0.000,56.875,0.000,0.044,21.255,0.000,15.216,27.000,2.000,2026.000,14.000,14.000,23.000
74.000,-1.235,1011.215,16.960,1.214,-2.353,NaN,NaN,0.000,0.000,0.000,0.000,8.000,-0.005,0.000,0.000,0.000,0.033,21.450,0.000,15.587,0.000,56.875,0.000,0.054,21.244,0.000,15.216,27.000,2.000,2026.000,14.000,14.000,23.000
74.000,-1.243,1011.215,16.960,1.214,-2.372,NaN,NaN,0.000,0.000,0.000,0.000,8.000,-0.005,0.000,0.000,0.000,0.049,21.451,0.000,15.587,0.000,56.875,0.000,0.044,21.286,0.000,15.216,27.000,2.000,2026.000,14.000,14.000,24.000
74.000,-1.242,1011.217,16.960,1.214,-2.370,NaN,NaN,0.000,0.000,0.000,0.000,8.000,-0.005,0.000,0.000,0.000,0.044,21.446,0.000,15.591,0.000,56.875,0.000,0.038,21.263,0.000,15.216,27.000,2.000,2026.000,14.000,14.000,24.000
74.000,-1.247,1011.217,16.960,1.214,-2.381,NaN,NaN,0.000,0.000,0.000,0.000,8.000,-0.005,0.000,0.000,0.000,0.054,21.443,0.000,15.587,0.000,56.875,0.000,0.044,21.260,0.000,15.216,27.000,2.000,2026.000,14.000,14.000,25.000
74.000,-1.256,1011.217,16.980,1.214,-2.402,NaN,NaN,0.000,0.000,0.000,0.000,8.000,-0.005,0.000,0.000,0.000,0.049,21.441,0.000,15.587,0.000,56.875,0.000,0.038,21.255,0.000,15.216,27.000,2.000,2026.000,14.000,14.000,25.000
74.000,-1.266,1011.216,16.980,1.214,-2.426,NaN,NaN,0.000,0.000,0.000,0.000,8.000,-0.005,0.000,0.000,0.000,0.049,21.441,0.000,15.591,0.000,56.875,0.000,0.038,21.258,0.000,15.216,27.000,2.000,2026.000,14.000,14.000,26.000
74.000,-1.280,1011.213,16.980,1.214,-2.458,NaN,NaN,0.000,0.000,0.000,0.000,8.000,-0.005,0.000,0.000,0.000,0.044,21.438,0.000,15.591,0.000,56.875,0.000,0.049,21.252,0.000,15.220,27.000,2.000,2026.000,14.000,14.000,26.000
74.000,-1.283,1011.212,16.960,1.214,-2.465,NaN,NaN,0.000,0.000,0.000,0.000,8.000,-0.005,0.000,0.000,0.000,0.049,21.442,0.000,15.587,0.000,56.875,0.000,0.038,21.262,0.000,15.216,27.000,2.000,2026.000,14.000,14.000,27.000
74.000,-1.293,1011.210,16.980,1.214,-2.488,NaN,NaN,0.000,0.000,0.000,0.000,8.000,-0.005,0.000,0.000,0.000,0.054,21.442,0.000,15.587,0.000,56.875,0.000,0.044,21.247,0.000,15.216,27.000,2.000,2026.000,14.000,14.000,27.000
74.000,-1.303,1011.212,16.980,1.214,-2.511,NaN,NaN,0.000,0.000,0.000,0.000,8.000,-0.005,0.000,0.000,0.000,0.054,21.441,0.000,15.587,0.000,56.875,0.000,0.044,21.240,0.000,15.216,27.000,2.000,2026.000,14.000,14.000,28.000
74.000,-1.302,1011.210,16.980,1.214,-2.509,NaN,NaN,0.000,0.000,0.000,0.000,8.000,-0.005,0.000,0.000,0.000,0.044,21.450,0.000,15.587,0.000,56.875,0.000,0.044,21.248,0.000,15.216,27.000,2.000,2026.000,14.000,14.000,28.000
74.000,-1.303,1011.215,16.980,1.214,-2.511,NaN,NaN,0.000,0.000,0.000,0.000,8.000,-0.005,0.000,0.000,0.000,0.071,21.431,0.000,15.587,0.000,56.875,0.000,0.027,21.241,0.000,15.216,27.000,2.000,2026.000,14.000,14.000,29.000
74.000,-1.289,1011.213,16.980,1.214,-2.479,NaN,NaN,0.000,0.000,0.000,0.000,8.000,-0.005,0.000,0.000,0.000,0.038,21.440,0.000,15.587,0.000,57.000,0.000,0.033,21.238,0.000,15.216,27.000,2.000,2026.000,14.000,14.000,29.000
74.000,-1.292,1011.215,16.980,1.214,-2.486,NaN,NaN,0.000,0.000,0.000,0.000,8.000,-0.005,0.000,0.000,0.000,0.060,21.438,0.000,15.587,0.000,57.000,0.000,0.044,21.239,0.000,15.216,27.000,2.000,2026.000,14.000,14.000,30.000
74.000,-1.286,1011.213,16.980,1.214,-2.472,NaN,NaN,0.000,0.000,0.000,0.000,8.000,-0.005,0.000,0.000,0.000,0.054,21.442,0.000,15.591,0.000,57.000,0.000,0.033,21.258,0.000,15.216,27.000,2.000,2026.000,14.000,14.000,30.000
74.000,-1.280,1011.216,16.980,1.214,-2.458,NaN,NaN,0.000,0.000,0.000,0.000,8.000,-0.005,0.000,0.000,0.000,0.049,21.439,0.000,15.591,0.000,57.000,0.000,0.044,21.248,0.000,15.216,27.000,2.000,2026.000,14.000,14.000,31.000
74.000,-1.288,1011.217,16.980,1.214,-2.477,NaN,NaN,0.000,0.000,0.000,0.000,8.000,-0.005,0.000,0.000,0.000,0.049,21.450,0.000,15.591,0.000,57.000,0.000,0.038,21.237,0.000,15.216,27.000,2.000,2026.000,14.000,14.000,31.000
74.000,-1.288,1011.216,16.980,1.214,-2.477,NaN,NaN,0.000,0.000,0.000,0.000,8.000,-0.005,0.000,0.000,0.000,0.044,21.446,0.000,15.591,0.000,57.000,0.000,0.038,21.240,0.000,15.216,27.000,2.000,2026.000,14.000,14.000,32.000
74.000,-1.299,1011.214,16.980,1.214,-2.502,NaN,NaN,0.000,0.000,0.000,0.000,8.000,-0.005,0.000,0.000,0.000,0.049,21.440,0.000,15.591,0.000,57.000,0.000,0.044,21.242,0.000,15.216,27.000,2.000,2026.000,14.000,14.000,32.000
74.000,-1.301,1011.217,16.980,1.214,-2.507,NaN,NaN,0.000,0.000,0.000,0.000,8.000,-0.005,0.000,0.000,0.000,0.038,21.459,0.000,15.591,0.000,57.000,0.000,0.038,21.245,0.000,15.216,27.000,2.000,2026.000,14.000,14.000,33.000
74.000,-1.306,1011.216,16.980,1.214,-2.518,NaN,NaN,0.000,0.000,0.000,0.000,8.000,-0.005,0.000,0.000,0.000,0.044,21.446,0.000,15.587,0.000,57.000,0.000,0.033,21.243,0.000,15.216,27.000,2.000,2026.000,14.000,14.000,33.000
74.000,-1.315,1011.216,16.980,1.214,-2.539,NaN,NaN,0.000,0.000,0.000,0.000,8.000,-0.005,0.000,0.000,0.000,0.038,21.452,0.000,15.591,0.000,57.000,0.000,0.033,21.248,0.000,15.216,27.000,2.000,2026.000,14.000,14.000,34.000
74.000,-1.322,1011.216,16.980,1.214,-2.556,NaN,NaN,0.000,0.000,0.000,0.000,8.000,-0.005,0.000,0.000,0.000,0.054,21.444,0.000,15.587,0.000,57.000,0.000,0.038,21.223,0.000,15.216,27.000,2.000,2026.000,14.000,14.000,34.000
