69.000,414.841,1011.421,17.300,1.213,972.204,40.035,445081.225,0.000,0.000,0.000,0.000,8.004,-0.005,122.777,0.000,0.261,15.690,18.942,0.000,53.077,122.957,-111.897,0.157,11.633,19.165,2.702,52.125,27.000,2.000,2026.000,13.000,47.000,26.000
69.000,414.848,1011.421,17.300,1.213,972.221,40.036,445085.009,0.000,0.000,0.000,0.000,8.004,-0.005,122.927,0.000,0.212,13.154,18.932,0.000,53.465,123.024,-103.530,0.077,12.533,19.161,1.670,52.601,27.000,2.000,2026.000,13.000,47.000,26.000
69.000,414.836,1011.423,17.300,1.213,972.193,40.035,445078.962,0.000,0.000,0.000,0.000,8.004,-0.005,123.124,0.000,0.077,10.035,18.923,0.000,52.807,123.010,-106.614,0.152,12.303,19.167,1.884,52.349,27.000,2.000,2026.000,13.000,47.000,27.000
69.000,414.851,1011.423,17.300,1.213,972.228,40.036,445087.070,0.000,0.000,0.000,0.000,8.004,-0.005,123.050,0.000,0.165,8.530,18.991,0.000,52.429,122.982,-112.405,0.051,9.402,19.181,1.090,52.517,27.000,2.000,2026.000,13.000,47.000,27.000
69.000,414.805,1011.423,17.300,1.213,972.119,40.034,445062.204,0.000,0.000,0.000,0.000,8.004,-0.005,122.792,0.000,0.260,11.578,18.962,0.000,53.612,123.075,-98.342,0.081,12.156,19.219,2.814,52.356,27.000,2.000,2026.000,13.000,47.000,28.000
69.000,414.804,1011.425,17.300,1.213,972.117,40.034,445062.104,0.000,0.000,0.000,0.000,8.004,-0.005,123.050,0.000,0.324,10.907,18.975,0.000,52.636,122.963,-87.332,0.186,12.783,19.247,1.883,52.440,27.000,2.000,2026.000,13.000,47.000,28.000
69.000,414.820,1011.424,17.300,1.213,972.155,40.034,445070.533,0.000,0.000,0.000,0.000,8.004,-0.005,122.974,0.000,0.131,11.115,18.937,0.000,52.559,122.986,-99.122,0.110,14.550,19.238,1.303,52.261,27.000,2.000,2026.000,13.000,47.000,29.000
69.000,414.775,1011.421,17.300,1.213,972.049,40.032,445045.547,0.000,0.000,0.000,0.000,8.004,-0.005,122.828,0.000,0.125,13.460,18.966,0.000,53.234,122.891,-90.077,0.191,9.893,19.275,1.585,53.094,27.000,2.000,2026.000,13.000,47.000,29.000
69.000,414.719,1011.421,17.300,1.213,971.916,40.029,445015.272,0.000,0.000,0.000,0.000,8.004,-0.005,122.943,0.000,0.140,8.944,18.974,0.000,53.157,123.061,-81.348,0.178,9.620,19.283,1.635,52.559,27.000,2.000,2026.000,13.000,47.000,30.000
69.000,414.725,1011.415,17.300,1.213,971.930,40.030,445017.196,0.000,0.000,0.000,0.000,8.004,-0.005,123.050,0.000,0.102,10.804,18.986,0.000,52.685,122.987,-84.718,0.100,16.699,19.296,0.971,52.632,27.000,2.000,2026.000,13.000,47.000,30.000
69.000,414.683,1011.415,17.300,1.213,971.831,40.028,444994.489,0.000,0.000,0.000,0.000,8.004,-0.005,122.861,0.000,0.184,10.231,18.949,0.000,53.136,122.929,-72.623,0.116,10.460,19.328,0.752,52.464,27.000,2.000,2026.000,13.000,47.000,31.000
69.000,414.669,1011.416,17.300,1.213,971.798,40.027,444987.140,0.000,0.000,0.000,0.000,8.004,-0.005,122.951,0.000,0.094,8.502,19.024,0.000,53.374,122.976,-69.178,0.058,11.534,19.344,0.853,52.485,27.000,2.000,2026.000,13.000,47.000,31.000
69.000,414.624,1011.415,17.300,1.213,971.692,40.025,444962.589,0.000,0.000,0.000,0.000,8.004,-0.005,122.956,0.000,0.169,11.409,19.033,0.000,52.643,123.001,-69.744,0.251,16.028,19.355,2.439,52.447,27.000,2.000,2026.000,13.000,47.000,32.000
69.000,414.562,1011.412,17.300,1.213,971.546,40.022,444928.405,0.000,0.000,0.000,0.000,8.004,-0.005,122.935,0.000,0.061,10.291,19.038,0.000,52.863,122.975,-79.340,0.117,11.616,19.385,0.917,52.247,27.000,2.000,2026.000,13.000,47.000,32.000
69.000,414.482,1011.411,17.300,1.213,971.357,40.018,444884.924,0.000,0.000,0.000,0.000,8.004,-0.005,123.029,0.000,0.227,10.487,19.034,0.000,52.499,122.968,-87.613,0.185,14.409,19.373,1.168,52.636,27.000,2.000,2026.000,13.000,47.000,33.000
69.000,414.513,1011.411,17.300,1.213,971.430,40.020,444901.688,0.000,0.000,0.000,0.000,8.004,-0.005,123.081,0.000,0.196,8.982,19.032,0.000,52.587,122.995,-83.832,0.103,11.714,19.390,1.182,52.664,27.000,2.000,2026.000,13.000,47.000,33.000
69.000,414.457,1011.410,17.300,1.213,971.298,40.017,444871.185,0.000,0.000,0.000,0.000,8.004,-0.005,123.007,0.000,0.131,12.800,19.039,0.000,52.825,122.924,-90.850,0.098,11.725,19.424,0.963,53.049,27.000,2.000,2026.000,13.000,47.000,34.000
69.000,414.519,1011.406,17.300,1.213,971.444,40.020,444903.833,0.000,0.000,0.000,0.000,8.004,-0.005,122.798,0.000,0.151,10.056,19.080,0.000,52.702,123.064,-86.666,0.199,10.891,19.446,3.068,52.776,27.000,2.000,2026.000,13.000,47.000,34.000
69.000,414.559,1011.405,17.300,1.213,971.538,40.022,444925.243,0.000,0.000,0.000,0.000,8.004,-0.005,123.032,0.000,0.190,12.996,19.070,0.000,52.842,123.108,-75.840,0.142,14.959,19.464,1.537,52.317,27.000,2.000,2026.000,13.000,47.000,35.000
69.000,414.559,1011.401,17.300,1.213,971.538,40.022,444924.363,0.000,0.000,0.000,0.000,8.004,-0.005,123.067,0.000,0.171,10.144,19.105,0.000,52.919,123.016,-76.889,0.102,9.931,19.474,0.840,52.268,27.000,2.000,2026.000,13.000,47.000,35.000
69.000,414.563,1011.402,17.300,1.213,971.548,40.022,444926.746,0.000,0.000,0.000,0.000,8.004,-0.005,122.896,0.000,0.121,8.268,19.074,0.000,52.912,122.950,-75.523,0.182,11.164,19.505,1.114,53.112,27.000,2.000,2026.000,13.000,47.000,36.000
69.000,414.505,1011.402,17.300,1.213,971.411,40.019,444895.383,0.000,0.000,0.000,0.000,8.004,-0.005,123.070,0.000,0.134,17.910,19.112,0.000,53.413,122.975,-67.804,0.165,13.411,19.524,1.154,52.744,27.000,2.000,2026.000,13.000,47.000,36.000
69.000,414.426,1011.402,17.300,1.213,971.224,40.016,444852.660,0.000,0.000,0.000,0.000,8.004,-0.005,123.005,0.000,0.099,14.561,19.114,0.000,53.066,123.026,-74.044,0.047,10.553,19.549,0.454,52.517,27.000,2.000,2026.000,13.000,47.000,37.000
69.000,414.390,1011.400,17.300,1.213,971.139,40.014,444832.751,0.000,0.000,0.000,0.000,8.004,-0.005,122.996,0.000,0.145,9.424,19.108,0.000,53.185,123.000,-76.629,0.051,9.544,19.558,0.852,52.797,27.000,2.000,2026.000,13.000,47.000,37.000
69.000,414.369,1011.399,17.300,1.213,971.090,40.013,444821.173,0.000,0.000,0.000,0.000,8.004,-0.005,123.106,0.000,0.145,10.460,19.124,0.000,52.776,123.058,-87.448,0.150,14.447,19.575,1.011,52.261,27.000,2.000,2026.000,13.000,47.000,38.000
69.000,414.395,1011.402,17.300,1.213,971.151,40.014,444835.895,0.000,0.000,0.000,0.000,8.004,-0.005,123.018,0.000,0.158,15.079,19.138,0.000,53.213,123.047,-95.268,0.149,12.734,19.571,1.092,52.895,27.000,2.000,2026.000,13.000,47.000,38.000
69.000,414.423,1011.401,17.300,1.213,971.217,40.015,444850.818,0.000,0.000,0.000,0.000,8.004,-0.005,123.101,0.000,0.121,11.289,19.164,0.000,53.091,123.093,-98.206,0.240,9.037,19.608,1.372,52.216,27.000,2.000,2026.000,13.000,47.000,39.000
69.000,414.513,1011.401,17.300,1.213,971.430,40.020,444899.489,0.000,0.000,0.000,0.000,8.004,-0.005,122.874,0.000,0.148,11.491,19.134,0.000,52.727,122.988,-95.651,0.228,9.418,19.655,1.503,52.212,27.000,2.000,2026.000,13.000,47.000,39.000
69.000,414.547,1011.400,17.300,1.213,971.510,40.022,444917.654,0.000,0.000,0.000,0.000,8.004,-0.005,122.846,0.000,0.171,15.178,19.189,0.000,53.343,122.959,-95.561,0.131,10.051,19.648,1.426,52.751,27.000,2.000,2026.000,13.000,47.000,40.000
69.000,414.513,1011.400,17.300,1.213,971.430,40.020,444899.269,0.000,0.000,0.000,0.000,8.004,-0.005,122.940,0.000,0.218,16.525,19.179,0.000,53.357,123.049,-93.036,0.152,9.811,19.681,2.053,52.842,27.000,2.000,2026.000,13.000,47.000,40.000
69.000,414.492,1011.400,17.300,1.213,971.380,40.019,444887.913,0.000,0.000,0.000,0.000,8.004,-0.005,122.995,0.000,0.097,15.445,19.239,0.000,53.150,123.081,-100.889,0.194,9.299,19.715,1.250,52.664,27.000,2.000,2026.000,13.000,47.000,41.000
69.000,414.464,1011.402,17.300,1.213,971.314,40.017,444873.211,0.000,0.000,0.000,0.000,8.004,-0.005,122.881,0.000,0.184,10.406,19.223,0.000,52.699,123.030,-92.268,0.181,11.262,19.735,2.957,52.569,27.000,2.000,2026.000,13.000,47.000,41.000
69.000,414.446,1011.399,17.300,1.213,971.272,40.017,444862.817,0.000,0.000,0.000,0.000,8.004,-0.005,122.853,0.000,0.211,12.652,19.223,0.000,52.818,122.935,-75.907,0.182,14.736,19.766,0.905,52.944,27.000,2.000,2026.000,13.000,47.000,42.000
69.000,414.429,1011.400,17.300,1.213,971.231,40.016,444853.843,0.000,0.000,0.000,0.000,8.004,-0.005,122.947,0.000,0.127,12.898,19.197,0.000,52.867,122.966,-81.693,0.204,13.062,19.767,1.182,53.154,27.000,2.000,2026.000,13.000,47.000,42.000
69.000,414.406,1011.400,17.300,1.213,971.177,40.015,444841.404,0.000,0.000,0.000,0.000,8.004,-0.005,123.031,0.000,0.168,9.091,19.255,0.000,52.755,123.007,-86.361,0.123,10.951,19.803,0.893,53.129,27.000,2.000,2026.000,13.000,47.000,43.000
69.000,414.340,1011.400,17.300,1.213,971.021,40.011,444805.708,0.000,0.000,0.000,0.000,8.004,-0.005,122.979,0.000,0.204,10.962,19.267,0.000,53.290,123.101,-84.462,0.085,10.198,19.816,1.293,52.583,27.000,2.000,2026.000,13.000,47.000,43.000
69.000,414.347,1011.401,17.300,1.213,971.038,40.012,444809.714,0.000,0.000,0.000,0.000,8.004,-0.005,122.910,0.000,0.121,12.576,19.240,0.000,52.979,122.936,-79.564,0.120,12.473,19.854,0.677,52.828,27.000,2.000,2026.000,13.000,47.000,44.000
69.000,414.334,1011.401,17.300,1.213,971.007,40.011,444802.682,0.000,0.000,0.000,0.000,8.004,-0.005,123.067,0.000,0.172,11.311,19.300,0.000,52.464,122.929,-83.364,0.152,10.373,19.866,1.345,52.832,27.000,2.000,2026.000,13.000,47.000,44.000
69.000,414.328,1011.397,17.300,1.213,970.993,40.011,444798.558,0.000,0.000,0.000,0.000,8.004,-0.005,122.915,0.000,0.302,10.493,19.280,0.000,53.511,123.039,-80.957,0.158,10.318,19.891,2.452,52.303,27.000,2.000,2026.000,13.000,47.000,45.000
69.000,414.324,1011.394,17.300,1.213,970.984,40.011,444795.734,0.000,0.000,0.000,0.000,8.004,-0.005,123.043,0.000,0.118,9.784,19.318,0.000,52.842,123.108,-87.191,0.143,9.931,19.888,1.185,51.974,27.000,2.000,2026.000,13.000,47.000,45.000
